7
8 20 96 7
3 7 8 1 1 8 4 
1 4 73
6 6 73
3 1 26
4 3 2
4 3 100
4 8 100
5 4 37
6 7 95
1 6 79
8 7 34
5 8 93
6 7 41
3 1 22
5 6 14
2 3 69
2 4 70
6 6 13
5 5 28
6 1 101
6 4 41
5 5 91 1
3 
3 5 42
5 2 64
4 3 22
5 4 67
2 3 43
1 1 32 1
1 
1 1 89
7 6 67 4
4 4 1 2 
1 2 64
2 5 74
3 6 48
3 2 17
4 4 74
4 6 21
7 12 21 2
7 7 
1 2 10
1 4 15
1 7 98
5 5 95
3 1 47
1 2 9
3 6 19
4 4 12
4 5 92
5 6 45
1 6 5
4 2 38
8 14 95 3
8 5 3 
3 3 14
4 2 78
8 2 53
7 4 20
6 2 58
8 5 99
2 8 44
8 1 11
5 5 5
1 8 34
4 4 53
1 1 53
1 1 25
2 1 36
1 1 31 1
1 
1 1 84
