10000
7596
4893
7735
3582
4190
3825
38
5514
8162
4632
9339
2481
1761
8410
2794
5615
901
9163
3954
883
8223
7722
4991
1869
4030
9687
9739
1726
7549
762
7001
305
2578
111
7864
7715
5636
376
1513
1182
6417
3975
9352
3554
821
9279
1819
7793
8229
8028
6616
9609
3309
1216
5911
8968
2812
1446
5921
9531
2342
807
2385
466
3915
5677
8566
2942
7410
7680
2865
5610
1667
3342
2557
8566
4627
1804
5494
7884
1510
6365
2179
6395
5571
4691
879
3099
4241
2592
4009
8396
2647
6044
9914
4583
1971
303
4587
6490
2873
5525
7471
254
888
4586
9447
6949
7482
9238
7764
4198
2642
6124
4868
5555
5731
1815
9580
6973
4635
3176
1447
8975
8903
2873
3686
5954
5056
6110
3615
8234
7566
2709
1764
6566
8556
6225
576
5748
2884
8394
2577
3435
5897
278
9653
6883
4834
5540
6958
1638
1973
772
8158
1377
1876
1367
729
7991
8116
2941
7197
4599
7764
419
5933
8133
4902
2104
5502
3904
1871
5324
8753
3879
4377
930
5875
8089
4520
5864
7932
6946
8753
4323
4530
7636
8594
517
3589
1886
677
2777
3641
454
6759
723
8360
844
5554
8899
4390
9430
845
5080
1443
9781
8088
9912
2990
1627
6975
2196
3075
698
9146
1424
5738
6847
8385
1654
7987
2974
1607
5582
3109
3885
7143
7264
5755
4414
5173
557
6314
8616
181
829
5922
4792
4974
5987
5807
4333
6410
3084
5389
1563
8781
2453
9351
5198
4792
9671
4334
866
8799
7953
4167
7761
2157
1354
830
8366
5617
5698
2606
7928
3844
1769
4082
7416
1599
6279
5108
9425
8899
2691
1212
6693
4748
5749
6556
9871
2840
681
8020
5879
4967
2740
6930
1212
1365
1422
7516
5401
4795
5010
6462
1299
374
1859
263
1155
9867
3175
6280
5030
4648
2560
969
4900
6120
4070
4466
4390
2719
7235
7334
8474
8897
8776
516
9809
4483
3852
2771
5788
6837
9323
3942
6481
8304
1910
372
6434
6352
960
1787
5918
3595
6331
6161
1138
1263
5151
6415
9820
6124
1691
4264
7548
4146
3825
7209
7027
2415
955
6724
5361
6245
1271
7042
7505
6425
8576
7105
1934
1502
5090
3724
993
8133
6835
5763
9918
2559
7273
3371
4996
8251
2231
1432
1661
6507
4832
3103
2237
2925
7684
3795
6108
810
1154
1229
5269
9303
9607
3813
3464
4016
3133
6183
3614
4896
5327
5021
5093
2247
9852
1971
4324
5361
2609
8867
2408
6053
1560
4594
8416
3154
2407
3070
1344
2081
6995
4426
33
1123
3864
1567
8898
1998
2720
7930
7181
3744
121
5632
6525
3774
1117
6712
3020
2852
6216
7599
9688
117
4264
4972
7478
3096
355
1430
379
5623
9396
3096
8060
5559
1171
5126
3500
4828
9382
7322
9964
4102
3158
6594
7223
7591
5732
8608
4734
8076
580
6168
3171
5814
7057
4581
3228
6326
4428
4224
8542
6494
8764
6533
9042
7815
9210
7340
814
6296
4544
648
4530
6519
9747
2053
7152
8922
4727
7089
5732
5099
241
5156
177
4561
9968
7463
6165
3537
1467
3695
7788
4
7638
6566
5550
4622
646
8333
7155
5785
4225
4260
2718
8962
5298
6254
7081
4750
2605
8648
4197
3711
6797
2843
9770
8030
3784
8375
6896
5239
6751
7100
1935
9817
4912
4978
3954
1271
7616
5050
1186
2833
2151
5879
5285
5524
1118
1036
6683
8299
5009
5834
2369
5122
4714
7805
9051
5353
7746
2300
7696
2545
60
1928
5937
8487
5722
3077
4030
3055
6896
649
3550
9634
3716
9313
4862
2032
6683
6473
7491
7530
9430
44
4526
9170
3188
8983
642
8380
7164
7544
2173
5851
5102
9974
9958
5381
7190
4367
601
3621
3440
3333
6339
4406
7394
3895
2300
454
2112
3236
1684
3341
119
6874
5595
7061
7485
5945
8454
2216
4673
364
7664
8454
8058
517
2279
651
2215
2940
1309
1144
3770
3418
9349
4493
9009
3112
161
5515
5760
3930
5897
4484
5645
8945
2642
3124
5095
6685
3201
3159
2125
3108
7334
424
564
1207
7420
4919
3937
3773
4753
7383
4622
3868
9262
8537
3033
1477
5518
9208
8975
2494
1090
7052
8687
1174
8399
4015
9882
6379
7498
2212
8028
2397
2036
6932
8404
3878
5478
1366
2909
9607
6310
4970
193
6958
3761
8929
4603
2295
1271
457
2501
6465
7202
9913
9207
2935
1621
8496
2983
4071
5392
2001
1704
5635
9324
2431
9230
3352
5665
8139
60
3417
1779
2511
643
7649
4217
1492
2546
7465
7066
2991
5731
2246
1199
1302
3782
9516
2165
2452
8269
3845
7327
2414
3
2668
4318
4377
8228
9582
1097
3268
6541
9294
7249
5915
2305
1380
5100
7712
7145
940
3180
1079
3950
3365
501
7377
8767
7194
7080
2591
9927
4869
1758
4513
8719
8564
8537
4130
6859
2871
4029
4916
2534
2067
5603
8773
5222
5710
9786
6935
28
4872
8953
48
9762
1152
6393
2981
8573
3946
3701
3573
7199
26
9461
4720
4175
8539
2654
1096
3090
9134
4479
1248
1980
1400
5639
5860
2158
5712
4676
7779
4497
7411
4918
9710
3692
5651
6142
8877
5516
5310
4222
5117
6640
6033
6626
9608
8896
4287
9535
3359
2670
1989
1692
4556
5546
929
1298
9840
3216
7459
6314
6133
8508
2081
9685
8170
6419
9048
892
8563
391
4210
2396
9110
8370
9398
4636
9052
4557
6604
3823
2724
1767
6439
1941
5452
9462
4788
879
9358
6203
3589
9028
1200
591
9689
1348
8757
5333
3822
8300
7342
9343
3875
14
1374
1486
6804
7719
3133
2795
6214
3900
9462
50
1455
4059
7114
5635
4807
9125
6301
7949
7327
5079
131
629
2218
5225
6186
7667
5970
4649
6940
9267
7087
5689
6876
232
1265
5866
4029
1261
4398
1701
7498
7892
9438
4496
6802
5068
1190
1884
8038
4828
8974
9106
5735
6727
7641
4960
9581
7829
8654
7177
3761
272
7014
5390
5744
5900
7872
1244
1799
8217
750
9930
6134
9761
5574
2288
4622
4339
9074
5052
8196
6147
6762
4130
7046
2897
6389
7248
4050
736
9765
7600
7573
6437
7366
294
1584
5318
9614
716
2352
2526
5915
9144
2749
669
3302
8368
3718
7189
2761
5630
4786
6272
3358
301
4116
1249
9604
9411
900
8062
9176
6221
9624
8846
7732
3783
7937
5671
2601
6731
8783
1387
7467
3798
1148
6521
7662
2492
5312
176
3458
413
2653
2387
8671
5242
8344
9849
2558
1730
3892
2809
1125
7303
9520
1264
9466
6502
5633
7163
6368
4628
9764
7837
8228
3966
8088
5973
7753
6228
1055
4956
5617
3298
8768
8601
7736
5517
612
8454
2700
4078
938
6415
2877
5549
4223
8399
6726
2845
1608
6198
1331
141
7340
3408
3413
5720
9601
5321
5958
3267
7805
661
700
3139
7531
1638
3161
9731
6940
3046
8626
3367
2249
2248
7769
3595
8684
9054
9557
8197
7039
6857
426
9808
2110
9057
569
6869
5885
4292
8075
3852
2105
7550
8241
8853
4173
8331
2772
6067
8976
1018
9644
4051
2901
3878
7675
4999
603
5931
3988
4510
374
8378
9268
5248
9583
2432
7019
5908
937
3497
5483
5892
5431
6542
359
7042
1891
6802
3079
2784
8929
9207
9321
7599
4640
2187
2567
9755
1661
7337
3167
4823
1413
1225
8707
7803
8464
118
4443
5090
7645
6347
5200
1424
7477
7289
7687
5445
8806
9420
1413
4475
8813
2869
7919
1444
6684
5388
6137
5838
3899
2460
2431
4229
4693
4402
3601
5548
2840
7429
9812
2713
4675
4657
8977
3743
9406
7967
1383
4511
5771
3729
5592
4482
2070
9982
4234
2321
3032
5094
4626
1006
116
1663
2371
9966
150
4354
9419
7396
8944
991
5888
3213
3385
8850
7009
2446
152
4919
5791
4136
4191
1386
8400
7485
2746
9748
833
7444
4998
1829
4179
3771
2935
642
9626
4993
9979
1375
5631
4285
9754
6501
3956
6057
8217
2360
3479
7732
6405
4577
2936
5991
1215
190
927
9863
3634
6284
2579
7450
54
8351
4658
3594
167
8646
1940
1394
2532
1155
2210
2861
3278
5268
4629
8448
4496
8825
353
8181
9105
4984
1932
6471
98
884
8640
7985
400
6396
5043
1086
6307
6133
6044
4876
23
7263
7729
3146
5066
2319
7953
3821
2361
959
3546
4135
3151
8758
5079
303
508
9775
3280
3975
3839
6770
4505
8229
6205
9464
2527
5368
8503
6529
7530
2226
7260
2559
1590
579
447
4291
553
9490
7366
1285
1142
874
2103
9441
8698
9902
9077
816
7532
1240
216
3815
3288
6505
8536
4121
3818
9083
7686
3986
6901
1405
2997
5728
7897
8405
6367
6234
8608
898
6566
831
4625
4983
1237
5038
5935
6338
9334
4894
6046
2193
8812
7819
5414
7743
4798
6186
958
3800
3809
4802
5601
7166
7061
4151
2569
3420
4097
9928
3982
5378
2910
7700
7446
4982
6193
2270
2437
195
7621
1450
484
4355
5061
4695
2172
9971
6786
3748
415
6450
905
3838
8476
7271
4098
4206
170
9179
483
8710
3456
5685
5039
4434
2940
7636
2964
5535
8923
2339
5751
4909
723
944
7269
4537
7240
7008
3854
3973
196
5953
8209
2191
1661
782
5498
6395
5367
1856
6226
3936
1683
3965
5129
9263
5094
8128
4949
8466
8472
984
4041
858
8557
1783
2347
2661
5698
3715
4050
54
8629
6952
9982
6667
342
4284
6015
852
2470
5609
6556
9851
1562
4674
1882
9535
4051
950
1314
3472
7097
2915
7178
4780
5143
7936
9615
8030
499
5194
4741
5386
3543
9263
3028
1868
7869
7834
7525
5398
3146
1957
7223
6615
5868
7310
8462
5484
8238
7279
2170
6680
6251
1913
6954
908
419
7155
6063
1557
7723
3688
1869
5735
211
6068
8125
2270
3692
208
8192
5179
6046
6000
6284
2437
8639
9777
7994
4074
6566
9456
6214
2738
5128
5844
3587
1161
7080
9673
1526
3845
4429
9216
2424
7568
5299
5632
9975
5027
3056
4351
9316
5249
3395
6874
7249
5753
7495
3661
1589
2384
3877
7094
4023
6154
6341
9715
9078
798
7338
3030
3537
2334
8392
6731
2051
7576
9645
8413
5355
2709
2244
2194
6529
5786
1035
4439
6095
1366
8937
5792
5662
5342
3926
9115
7418
2374
4925
694
8998
5063
4755
2140
3348
1310
1248
5459
7187
8058
8335
8881
8156
4834
8286
1900
6571
4849
7420
3231
3597
5109
7190
1232
3437
8025
5889
736
2495
2408
4400
9572
7874
7011
3476
5112
1449
5624
430
7157
7108
8702
8645
5970
2043
6109
7697
1957
5145
5115
4218
5866
1207
9435
2360
8424
1289
9704
5831
6074
5387
1918
8421
866
7324
1242
1117
6141
4372
4873
5345
9262
5046
4875
1421
7285
4669
1532
1590
8809
7353
1697
7173
1220
139
3618
1601
4676
1683
8555
9781
5229
4930
6120
6973
4864
8762
8432
406
90
5741
9700
7758
2461
3731
7939
2329
4979
6626
543
9544
2327
5101
4666
4117
6397
4418
798
4348
3375
4745
6092
542
179
9884
1831
8945
561
8225
6344
4867
4025
9245
94
8929
8066
1600
7590
9821
7266
3733
9650
6077
3671
3938
7609
917
1014
1778
383
6722
2028
7391
4953
2059
6327
8569
4600
8851
7993
42
7839
3040
8944
2210
8770
8595
1642
3012
3398
7651
2408
6015
4
4788
6202
3458
7674
5796
1742
9789
8774
5110
7158
7976
1937
9796
8069
6794
8893
4416
8578
9389
3964
4924
2159
426
9253
5190
2065
856
2947
7506
1229
9011
1035
6299
3410
9523
9091
7025
461
3652
9971
913
5103
4818
8691
2610
8919
4871
3112
7398
2376
9206
8933
5935
3473
4198
376
5603
3730
3882
5233
6920
8472
1370
9994
7296
536
3944
3788
9653
9198
4427
1753
7397
9272
7099
4755
8949
2907
9931
5814
4082
795
556
9614
9533
8795
9370
9826
8697
6573
7969
1354
993
8285
6660
3170
6237
4423
3694
1020
2466
6475
6701
9841
2912
5279
9510
1148
4877
8076
5293
2859
5085
1585
7354
4250
6604
6316
52
5224
3179
8918
38
1811
8685
3712
208
3205
8764
6985
6176
1171
5831
4270
8376
738
39
4386
5699
2255
4368
5804
3468
4282
2883
9449
5987
3685
6331
1007
780
7400
8969
6679
7847
3343
3297
238
3744
7987
7963
8648
2805
1896
1141
2241
5817
194
1156
4398
2512
2253
7505
5854
9513
8709
5068
6443
7933
7551
8790
366
5729
7863
1157
3654
2605
1874
8554
1576
8526
925
1925
1760
8647
8884
5675
9329
251
4654
3446
9006
1947
9250
5027
8141
2403
1698
1444
3050
8159
4451
5152
790
8708
7047
2920
7303
8468
6809
7062
6403
131
5093
4596
1585
8539
8332
7869
9165
2931
4459
1057
2548
3391
8471
3161
2017
1574
2825
6740
1917
7064
787
5729
9326
1762
1066
511
5517
7462
2201
6317
3029
10000
6357
1141
8770
4543
1218
4960
4408
3105
3987
8591
3331
3602
3162
746
2694
4476
8164
1833
862
8502
9762
6819
5264
3079
8680
7083
2588
3829
4602
4545
5267
7895
2838
321
5041
2
930
3973
3925
6917
4213
7549
5319
5716
708
1179
3302
3985
1627
674
2165
1027
5191
7743
5762
7511
908
1955
8051
692
3623
2679
6872
777
2735
2581
4502
4603
7488
6688
3099
3929
1289
8183
6401
2754
7617
5688
5722
2726
487
1661
3694
2016
8870
8277
1374
5674
6897
2405
3418
2706
4648
4396
6030
755
5365
8600
21
3812
7857
3046
3853
920
7675
1459
1702
8627
5806
70
5588
1076
3545
7730
5693
8295
9749
5490
6166
6951
1729
6860
9715
9624
3646
4832
6067
6315
8312
8841
7942
1155
9793
2520
8869
9797
1830
6153
9010
4023
7930
5792
1183
5446
5705
3364
2233
7739
1531
7909
4806
3888
4106
2518
3033
169
1937
7591
8003
9710
8867
1069
1014
9039
737
8487
6570
1963
7282
5046
548
8365
16
4707
5331
9588
7543
5265
4534
3536
6861
3081
5393
4767
4042
9826
3275
6617
7124
7037
5850
5913
7767
6406
7894
8032
8464
7591
7571
5661
1565
7244
3732
2058
9865
6631
835
4870
9153
9953
2115
6711
8798
5192
626
9825
6466
544
4721
1348
5744
5899
8794
5753
464
8689
6472
5009
4527
9523
7920
6408
5132
6133
5116
8655
3703
3112
1275
4813
9899
4070
9246
1892
5845
2982
2033
2469
5846
2404
9538
7037
5003
4048
1288
2093
3707
9624
6248
6034
7322
102
7913
8843
7022
9584
3613
9251
9313
8445
8681
8657
1820
5210
1381
7060
9888
4077
3058
9725
8642
8802
2407
4562
4575
3111
2200
5231
6532
2929
2559
7322
5783
4821
8905
4299
3447
4764
1053
1671
5159
4092
1063
8013
2881
9774
3221
5871
1801
2519
8919
3666
8477
3229
495
1915
8424
4605
7718
4903
1234
1160
1046
9675
8031
3083
9897
9738
7896
8837
2983
5509
7049
6100
6935
4850
7824
7249
3933
5411
7332
3162
9097
4556
554
7839
2244
9491
4448
3164
3823
6963
2045
471
2437
1706
367
5898
9768
9711
9233
9723
5294
2787
2423
4122
702
4745
3644
2992
3762
3305
4174
8478
6769
4909
7919
366
8205
95
4556
4582
579
9157
1870
8865
2997
13
5641
6714
9972
9241
6273
5299
9061
1195
2714
889
472
8897
5716
3533
7184
9587
7135
4075
8276
8850
2461
797
9287
1254
919
1049
951
7932
8447
9919
2315
3169
297
638
4980
3015
1842
3341
7176
900
2261
3048
3554
3989
5588
2997
8168
9398
9973
2966
9708
841
1764
1274
9427
1506
4624
1072
2504
2600
598
3146
7628
4791
7878
7361
328
8164
4212
4742
3707
5916
2041
3271
8596
393
2888
5248
87
7742
6081
3687
7404
182
4335
6351
21
7732
321
2140
5650
2256
1448
3511
5275
1512
3606
7753
9765
4738
7447
4252
5951
3065
4829
2544
4325
7809
8954
5315
5532
6988
9107
1120
5513
8357
821
3962
9445
8458
6735
5736
9184
58
8801
6686
289
3964
504
8977
5226
1720
5743
9553
7122
4619
7002
4423
7554
2955
1853
27
3201
2609
7084
8523
9606
510
7711
4053
8084
7536
7143
5440
7192
9104
6060
3621
2912
9710
94
7144
3480
4043
1261
148
4025
4655
2964
9311
8231
758
8635
1343
7869
3081
8965
6289
7666
6832
2051
986
2654
8658
6086
8673
5027
6055
2741
3053
3088
918
322
5372
6800
5264
4368
8652
9771
770
5331
6791
2241
7337
5021
2522
3261
2970
2734
7357
2136
6281
1169
6016
5580
5107
4578
860
9626
1337
6315
6402
6022
1305
4018
5145
348
735
7412
7592
1430
8929
63
9402
2092
1710
3658
7653
1662
6696
9552
8179
9120
2656
1098
1258
2853
7210
6382
6422
2793
1556
5693
9705
5324
314
6279
4854
5715
7391
5389
9788
5055
3107
1357
5033
6024
7067
1839
4539
7239
8790
1226
6482
6753
7104
6911
6438
740
270
8355
2464
6023
4883
6960
799
1894
8256
2136
1678
2046
774
6850
6684
5357
1448
9800
5507
9108
9129
9183
5126
2181
1438
620
3660
5774
7215
6387
9672
8232
5622
4846
2070
7770
6076
5238
2138
2871
4569
3556
1731
957
5580
9040
9462
6305
6402
2043
267
2939
9083
2598
1753
4642
5076
6725
4042
4861
1337
3252
4732
3927
8027
3001
6613
1256
9563
5197
8519
3021
4772
531
8030
430
2469
1870
7662
7703
3092
6438
1290
3654
5403
1873
5372
235
2673
5656
1661
3556
1163
3375
2050
4190
959
4818
4814
9668
7424
1549
7998
6517
5051
8099
9994
665
2203
2751
2680
641
2767
2795
5821
6000
2488
5666
3905
9277
4453
6827
682
5895
877
3630
1761
7459
4228
3034
9346
1119
7641
8205
4425
6090
7149
8936
4389
6280
261
7301
3789
2036
1069
1965
8405
3090
4700
760
8279
9978
6739
8296
9083
2602
3607
3345
2965
9451
8054
2794
3654
6300
2795
9436
70
9456
1331
9214
1582
2546
6954
8397
9790
3590
2097
4823
8088
219
4464
8848
1385
7114
4892
1694
2458
7124
7103
1378
2802
5962
1042
3782
3268
339
5611
4340
7101
445
2120
6827
6154
6182
6638
2546
1549
45
1767
709
1062
7807
3443
2099
5446
5437
7518
2431
8792
9238
5124
2776
112
8598
714
1640
4421
6038
6089
1051
5200
2325
4165
4768
3412
2845
629
7034
9110
3144
2467
9609
3083
9003
3246
9556
3276
6496
9794
7864
8856
4674
5616
4506
4395
7847
1047
7195
4628
1856
4039
6560
6086
3602
8831
5995
92
836
7448
6255
5369
7978
7274
175
8559
7360
2419
1163
957
7487
2595
259
7764
631
3119
749
9944
9970
8994
2754
5560
4306
8186
747
6603
8608
1110
2234
4786
78
8103
1319
1135
6645
3845
455
7472
3228
5544
6537
3272
8221
9217
3273
1228
703
1526
3169
712
7753
7135
4152
4075
1915
3193
3674
8264
5783
776
5340
1655
5000
2188
6016
3059
6638
1707
9864
3891
7543
4663
1990
7138
1064
533
4219
8865
7493
6108
6737
5470
6501
8349
4037
5864
1408
1275
7739
3544
6047
7625
7202
871
9335
5125
9437
7609
845
7414
6467
8484
8315
5586
2861
9154
4833
9749
9109
136
3532
5667
1713
495
5837
5362
5343
6163
5306
3
4134
4051
989
7985
5238
1576
4063
2401
413
6040
1697
3609
2164
2703
2833
5758
3602
518
4549
9297
2265
3063
8389
9094
8514
2172
8651
5119
3514
1185
3815
8183
6024
1605
1445
6522
6497
6427
704
7814
8078
8056
2812
1495
3819
2783
6667
4719
5893
9061
4780
2749
6267
8252
612
3509
2135
7820
7561
2733
2005
4817
4765
7182
5430
4198
4133
2444
2243
5924
149
3258
2445
6926
640
2702
508
4771
8197
6581
6794
9993
8626
6964
1161
2990
2064
7340
1615
1138
6661
5767
8274
1254
4827
2525
6890
1369
1449
4493
5117
3586
7028
1213
9341
4242
6082
3624
8588
7525
4603
2022
7327
7118
4481
3087
7768
6865
8344
6215
2312
8187
6978
8295
5874
8112
6189
2695
9209
1257
8075
5439
9638
8061
2429
6727
2638
5401
2619
5800
8540
5897
5557
4397
21
3401
5926
579
192
5843
782
6766
9361
4397
4258
9057
2964
9957
283
2243
1800
3322
3916
2022
853
1323
4288
9182
6646
9690
7835
3547
9050
7032
1518
3524
7113
5859
6868
5785
1856
7940
601
1009
9969
5816
7706
8893
2100
7411
5666
1162
1113
9183
8431
7805
5594
5525
3910
8890
4372
483
4048
1042
5160
6019
6729
166
453
9016
3941
7608
6819
1528
1710
6026
7513
7936
9322
6308
8862
7687
2672
244
6960
4122
6249
4857
6638
7592
3171
249
2598
3661
2019
1191
5842
2056
3017
2258
2211
9420
9458
3568
2809
4626
8703
2749
2641
879
7387
2019
6026
5277
6111
9951
411
1812
8103
4737
2720
2317
3399
9176
1029
7364
5558
2281
4729
5577
6110
281
204
6462
7625
38
1488
9471
7501
1751
7842
9738
4297
1608
3178
8382
9821
4170
4882
4653
999
6619
8054
5531
8045
5358
3364
8914
4857
6266
4977
8751
1721
480
8746
4473
7362
3102
2273
19
4123
9784
4137
7337
8752
8659
84
5915
5386
2944
129
1179
8422
1563
9745
6586
7078
9025
6281
523
4507
2281
1525
2917
4183
4440
7848
4070
518
8654
2942
3664
1390
779
5128
6494
8616
9671
9445
8912
9498
5231
4468
119
7060
1212
656
2880
7709
108
987
852
3389
6352
7375
8456
4684
1142
8353
895
808
8266
8733
5362
9894
704
768
8184
9020
4633
4251
9667
65
5461
3177
4185
7014
583
9950
8361
9485
2608
8443
3711
9075
5127
5024
1288
684
6437
5841
4087
4286
3957
1735
9731
7470
7779
678
5754
8222
9302
8677
6111
784
4562
8647
5889
3625
5817
7171
7022
6557
5573
483
2310
7336
1718
2549
136
3128
8762
6751
2055
8615
6543
4529
5188
8895
586
540
9815
2408
2606
6277
3436
279
675
7692
8532
5980
2787
7752
5908
3603
5191
6786
2219
7489
744
6330
7506
8605
8486
8692
6880
3436
6453
2056
3952
9797
7331
1763
6565
6019
7615
3498
4214
329
1781
5230
7120
1420
2059
3964
9213
4433
8853
2178
6262
5807
5193
294
216
4007
282
123
745
6234
5064
949
9966
3833
1474
3040
4551
6279
1111
1107
5664
8080
2615
9893
7015
1461
5422
5787
586
9262
4959
5241
9700
9294
9827
1239
6571
9653
6446
3267
1280
5621
4070
5093
2100
5143
6441
7162
7177
4216
9249
8
3057
4066
3558
6016
7627
6402
4101
6870
7672
5659
4588
7322
420
1552
9104
732
4365
4944
546
7349
5336
9350
2742
3737
6852
9665
9216
6220
7113
1646
76
9618
6056
8861
1424
8808
4952
3857
5719
4950
8044
6712
3853
9666
4279
7843
6092
5435
7356
4733
5496
3643
9479
9631
1028
7222
6094
3935
9529
1321
2432
6158
3364
7931
8407
599
4296
3069
5765
418
5290
1848
6441
495
3719
9691
6601
7027
5162
4585
5942
1
674
8648
3641
9215
3485
9536
2246
3540
6131
3327
6149
5271
9929
4774
3760
8793
6205
9387
1233
3306
2962
5301
1230
1633
2649
8388
8760
5901
2903
3995
2237
4475
7342
1324
1657
3239
2895
4332
2327
8979
2711
6135
2067
2900
1913
7835
152
596
1635
9883
2119
7729
140
5774
5118
7390
2909
3491
5026
9387
7081
5338
6376
1183
37
255
4050
9714
7642
8076
4569
8384
3841
3569
8344
8077
4810
9323
1921
5965
3711
6999
8846
7664
8533
2422
7108
5455
4205
3080
6825
1248
2720
1673
1654
8149
2982
1154
6697
9922
4407
9218
2123
3134
3429
8238
4093
3895
106
8320
6967
631
9541
2
4535
2146
9014
6757
7647
9805
9562
3859
1447
3506
2702
3239
6418
8967
8113
2556
7050
9052
186
1557
4112
1271
5001
3298
7903
2951
544
4865
4786
645
2421
6425
6622
3670
8748
6769
9066
5020
5377
8148
8395
7094
6916
6528
1417
52
979
2534
5116
4480
980
4611
9404
280
647
548
6767
9857
859
3979
7760
6723
1039
5391
8340
9460
1060
6076
4833
8842
4519
7362
6624
2808
4349
3182
8709
2805
5318
74
6004
4659
590
6317
5906
8453
516
6012
5353
3369
9410
7592
6802
3585
2616
9392
2614
9857
3646
2584
2723
7875
1607
1544
8985
1772
9293
2653
4557
8357
6889
4165
474
5075
9517
9209
4167
241
8512
2318
5472
4124
4289
9761
3501
1274
3654
2569
9803
957
7110
4469
6207
3854
1612
6604
4461
9794
5283
9659
5069
2470
1191
8412
9687
1349
324
324
4389
2839
3975
526
7472
737
7216
3871
8174
2343
4756
7190
8424
5931
6965
7032
926
1491
2737
9982
5426
5020
4670
3651
3785
8205
4635
1685
473
7554
5029
4737
8332
8971
1059
4507
6265
2727
1619
3436
7781
4050
2893
8818
349
1742
4519
530
307
465
9531
6695
9701
6051
7604
412
579
1627
9658
3972
6686
2781
2610
9266
5721
2773
9705
7877
9770
5748
8649
9941
3286
5511
2027
5285
421
6027
4768
8240
7345
8426
2240
7555
4818
8995
1368
3589
5457
5061
8773
181
5495
3634
2116
7524
4869
8027
7776
4890
7167
9427
6501
9796
7191
1168
2822
5495
3023
4301
2454
6522
3802
5580
8697
2966
9301
6828
708
1054
7168
5341
9353
5549
1733
110
7754
8516
1119
5055
8341
5076
4761
611
7027
7212
9211
1150
7664
1062
6499
6555
882
2828
7049
9436
4414
6484
7449
9637
2124
679
8862
8764
9961
5014
2933
3460
124
5545
2284
9490
5093
6392
4403
5290
3984
2622
3261
2400
7420
6191
3204
2459
8003
6223
1205
4898
9622
6446
8585
7971
7029
1679
6053
1687
7361
7831
7658
7089
3224
5207
3857
6657
2174
1090
2895
5831
262
331
53
7444
7
8811
7215
3064
1705
7770
175
8796
9766
174
4563
8529
8393
1876
1864
7007
8607
6057
5057
8146
9477
452
9215
3979
1735
9766
8228
2003
9781
6417
7398
5321
7552
7018
6474
8447
282
9381
5258
7884
2405
2598
4613
7141
879
776
2883
7150
5108
342
1264
369
6607
1302
3157
8651
5426
1946
21
2975
3658
4439
9110
2589
7500
4656
3105
4187
7136
9903
6533
3503
5151
7604
1272
2995
6905
430
2983
809
5947
8988
1063
1684
305
697
3713
7584
8558
5919
7926
8235
9491
4727
2501
1724
3355
6474
1654
5075
6814
2935
119
826
8418
9946
4129
711
6015
2011
7841
7456
2081
8157
750
4152
8554
6326
1808
2557
4333
6939
5981
6833
7109
6608
1990
3124
2980
9028
287
234
792
7313
4879
2963
1002
669
423
3124
2906
4585
1333
146
7114
5092
2409
6020
5230
9108
9816
5659
7306
2124
3085
7535
9221
286
7074
6266
8960
2927
7989
839
725
1956
264
4161
540
2846
1101
4089
7013
7066
3065
9745
2798
941
4644
7193
8642
6805
3071
9281
8300
7397
6838
1434
4359
9796
1696
4517
7067
5692
8748
1656
4010
1833
2052
6521
4603
7691
3351
6376
8422
7382
1133
8671
9690
4154
5728
9430
1324
3489
117
2540
185
6042
7186
7899
5216
1719
6702
6500
2642
918
230
9609
1217
4970
3680
400
8737
1095
4540
4323
888
6158
6893
2025
4041
3541
9013
5866
6737
7525
5606
1751
185
6835
558
5068
8396
4863
2262
3563
3106
6410
3501
3351
9218
4628
9171
9790
1069
9183
5881
8316
8895
9777
2266
4637
9076
498
8530
3216
8682
893
4530
7684
7608
974
2460
6165
7460
7443
1745
4058
3883
6562
2597
6177
776
591
958
8958
2025
1193
6195
7499
7024
8856
6219
2213
5633
9550
7995
1623
6189
2181
4199
5406
5643
5936
5862
1150
4525
5108
8324
6705
8689
2418
5446
6921
3598
5790
67
6239
6260
3387
9489
5409
1261
4727
8725
5003
5565
764
5743
5917
2411
9139
7608
1202
7134
4224
5329
6682
5421
4141
322
3410
4249
772
3799
6156
628
1381
5087
4603
9304
5568
8502
8123
9908
6610
2943
445
9642
766
9545
4653
408
8181
7176
7478
2465
0
548
1502
1555
4586
9093
6986
5313
3309
9577
4094
4218
7469
3504
8688
5687
8805
6377
4987
8532
6441
1036
8929
1856
2790
3456
223
3915
8927
245
8739
6339
1584
2687
7352
7142
4279
6382
1456
6988
9926
8768
4142
469
7149
8416
7425
450
7315
9993
6044
2196
7642
7028
4064
9385
9383
7087
9242
7054
9841
6122
5669
5153
6217
9802
488
111
7104
4108
2796
9249
7453
194
5621
1906
3372
2315
9397
1494
1896
9883
8928
2019
9378
898
8909
9820
7775
3561
691
9749
4076
6069
8823
379
2656
889
7718
2633
8897
6983
6412
8835
9479
8215
4775
6997
4854
7350
2140
2749
8765
6117
1765
5232
9381
6377
9168
4624
5642
9906
4702
9061
1636
5518
315
8474
5212
2967
935
8425
2563
2780
4315
8236
8305
3124
1784
3610
6416
7063
2792
7532
7775
3493
7542
6695
9642
5918
9507
141
8114
8452
3004
7353
6796
1340
9087
6865
9072
9562
8908
9122
254
4862
6454
3663
9550
2835
7872
3396
4053
5604
8060
7676
7692
3983
396
7933
3240
6983
4725
1295
5397
939
1233
4438
9511
6571
7724
5661
3920
4131
1730
6580
4560
6136
6624
1198
6331
3975
6467
2915
4469
7268
3158
3807
1233
1980
6539
2196
3293
6084
1927
541
6812
4368
644
6381
469
3855
1495
3758
9965
1217
6029
8686
2095
7481
3617
3835
7859
8291
7690
4273
9607
6003
6206
6134
6304
9294
3039
9235
2450
2347
6596
9604
5852
5662
5227
5599
3783
1670
1040
7543
3530
3018
4464
4
7445
8245
1338
9860
9592
4922
791
8372
1960
1511
9155
5816
3222
4230
4930
2520
4941
9003
5932
1182
6326
6976
6567
4933
2830
7267
1131
8354
8125
1917
8025
7299
1860
6382
9314
3074
4518
3044
6607
7141
4815
4349
7918
6433
2320
5316
2881
8384
2342
3519
4241
9539
2837
6195
6376
2677
8219
4624
3952
839
4466
7609
9117
583
6009
964
5425
6509
3815
3894
9964
6033
7361
1476
9000
456
2483
3496
7690
8472
5443
4843
4042
2234
7274
5540
2102
4670
148
1649
2117
4781
4793
5030
3541
5241
6222
4650
4067
629
2181
3789
6171
5227
2442
3668
3241
8459
2580
9123
3151
5824
2848
9802
7042
4296
6427
2569
7769
8888
4165
4144
6767
6865
6577
9647
4315
3910
3904
9249
2917
8939
2492
3150
5049
2855
6683
9346
2030
3151
1602
9268
5885
3926
6567
1077
9232
916
8272
8014
5983
7867
2811
255
4813
2386
2355
9675
668
201
3019
2491
9657
6254
3
2495
8761
3484
9099
7113
5060
6585
2990
4798
2084
9170
3094
9013
9543
3436
6105
2839
8486
9346
7948
8590
3275
6791
3842
4516
2255
7282
2830
674
323
540
9465
1484
157
9318
984
8251
6141
3760
8566
1495
6630
2779
4313
6937
7535
2472
6744
4569
5089
5343
5760
9062
926
6795
7697
2292
1139
9545
8410
5173
3227
8074
9753
6215
9957
3715
5521
7374
6456
4136
3143
836
7976
4120
6879
6621
395
5074
3656
7473
4550
2029
2655
101
6479
210
1982
918
8754
1437
1605
8763
4044
5656
1040
566
1717
2807
6708
9582
8667
784
4367
9011
1716
9925
6427
8959
3091
1528
6721
5643
8529
7729
5437
3838
3691
5266
5545
5800
7726
9841
3005
9557
390
9307
8200
3868
9754
2436
1039
2568
4541
466
5912
5540
8548
6477
5125
2172
6305
3730
5777
85
2405
8453
9243
5664
7632
6959
860
3151
9310
485
8014
3803
7493
3433
9399
7704
3595
8156
3563
9576
335
1067
9243
8014
8852
9106
5869
1969
7546
1161
5125
6711
7712
4585
1794
7675
7970
3349
6633
4819
4882
5905
4278
7429
858
2194
3265
4391
5601
4914
551
5385
9498
4416
5453
8671
3345
7931
3038
3661
2869
3293
1102
8452
6412
348
6571
3529
2507
8797
881
5102
9341
7883
923
5179
610
7823
5666
743
6278
8899
3767
1063
5190
7855
2711
1061
7213
10
498
1956
9901
2495
2156
2694
4209
8404
1341
5148
8737
6789
5423
2804
3953
1232
9821
5757
5753
5113
7190
6073
9532
1117
7219
2639
9104
8529
8726
5623
6299
5611
6503
1134
1743
2767
7392
926
6151
8623
2054
2741
9076
3123
1553
8503
7512
4112
7478
3003
6253
4201
5513
7202
5155
7583
3885
4793
3629
2518
4798
4812
3340
5085
5561
3766
188
2777
3276
8124
9094
3493
4550
1523
3608
9076
650
6691
7342
7482
7449
1878
976
8746
8605
3472
7717
8415
5095
1090
704
1350
7507
7940
5983
898
1058
7499
9488
8950
4459
7080
9704
7360
2788
4903
2529
4286
5033
9787
677
8910
3410
8290
9808
4269
6717
7591
7138
4197
3208
5818
7349
9213
1624
3360
2126
2050
2394
944
368
8699
933
2696
4415
8803
4145
4082
548
3576
65
6782
5443
1181
455
8329
8768
185
714
853
5009
8332
5613
5369
4259
8890
6569
7204
2454
7154
833
7812
1781
9695
5711
810
7912
1394
1020
2758
8668
5347
7179
3919
4591
3487
5380
6249
1106
9389
1859
3781
3337
4952
3471
1793
219
5521
160
6570
4294
2516
8586
9728
8801
2595
131
7505
6904
2464
6920
3094
3449
2084
631
8395
8907
1105
5965
63
2967
1503
311
3603
8368
7028
8993
2604
6992
7022
8742
3583
879
8613
3195
5701
5162
339
2936
9561
8488
8246
2013
4895
876
5781
4009
7886
9361
4327
8118
7419
4229
8997
5616
6038
3775
8188
465
2507
9729
5631
10000
9471
5889
297
1953
5029
7677
7831
3778
508
4113
5108
8845
627
5000
9044
5440
3051
2590
5402
2152
7255
7796
4044
9486
5732
6798
3856
7437
9063
5132
6131
8917
4080
4576
5914
1604
2311
6720
962
4475
717
5109
6939
8268
6274
4568
9321
9447
4180
9687
2377
9712
5939
1391
8509
4936
2378
3454
7220
4231
6571
9593
6145
3516
2402
3495
6958
7210
7437
9459
9245
9915
7451
8813
6424
4447
2938
1428
1871
375
1563
797
7799
415
2389
6649
9701
9258
7548
1190
4576
9226
5376
5808
6065
3116
807
1297
8539
7102
6395
8850
8595
7078
7023
5002
3972
2438
352
6507
3425
3856
1340
2924
9728
2340
2529
2021
1767
4710
2675
8940
3004
95
7498
6167
3068
2401
1713
540
9290
1785
6784
2897
4354
3910
6660
69
1112
807
2095
6213
3089
4131
217
4148
6567
1176
9416
4689
4672
8014
9306
7690
5865
3562
234
3647
9773
9659
8525
54
7578
809
4881
5619
2820
9481
5146
7853
1697
701
2446
279
7119
5096
8964
5958
3271
8003
7236
7104
9388
1909
6223
8141
2995
3790
1503
843
3247
6148
35
4557
4959
6085
4673
854
5117
1348
4640
305
5384
8072
9812
8434
1274
160
1557
5889
3572
9132
4103
8874
6865
4304
5699
2849
4506
1210
6714
4837
3355
9485
681
3268
3209
7822
3058
1335
2799
2598
1621
9958
5294
8673
1041
3730
1226
4924
5873
2912
3671
9413
9525
6164
913
3030
29
3407
9557
1818
1436
9513
1585
334
9620
1000
2837
844
9395
2891
7858
9725
5830
883
1562
963
8396
8244
7667
4872
2734
6330
5157
8740
7866
8321
7974
4196
6931
2943
4978
143
1933
2833
6137
3174
4818
4421
2618
7863
1569
7159
5795
331
1531
8002
2671
924
8519
4610
937
3206
4990
1888
8194
4556
4116
9355
1718
9070
5496
5823
6803
2535
1477
2327
9162
7162
9980
8848
2104
5526
2853
496
9303
53
6702
654
2085
2596
6332
7780
9610
1225
6092
6981
8786
5626
2649
7920
2711
3154
2089
5649
9746
817
4222
6444
6576
6841
9473
9342
512
9824
3127
1616
7203
4755
4711
5319
419
6526
5284
499
9467
2922
5713
1130
9188
2795
3997
1955
6182
5133
517
8952
8995
5501
5952
2085
6213
5877
2394
8822
1966
1887
2364
1626
1413
4734
4275
1165
8173
6751
6769
2797
2317
3237
9172
3138
9679
2515
5116
3384
5502
6389
9027
2505
2636
6562
5173
4085
9842
9026
2288
942
546
8187
2264
21
8476
4393
5966
4376
6926
3325
8710
7462
1875
7711
1327
1273
1491
8691
7471
8891
3536
4687
8207
3572
7762
7300
1838
7784
3512
2997
4495
6602
6588
6387
8003
65
7294
9840
4303
6404
5801
1298
8552
47
1521
9066
8667
9115
5926
1978
9903
4013
8494
4168
6761
7547
6626
2010
8305
4053
1100
2466
1104
8944
6959
9050
3684
2231
7391
3563
4034
7187
1829
7365
8015
383
8307
225
3671
7700
4837
1446
4246
2536
2576
9396
3127
7188
8911
1241
2108
1555
5544
7903
5587
5358
1495
245
997
8711
9495
7601
8194
5513
2885
9673
8545
3268
290
4446
153
9866
848
6009
7345
1129
1035
4457
5138
1778
8439
5880
2588
328
8883
2349
3024
8839
4843
3976
7807
1165
4753
7976
9747
8805
9999
4173
2592
9774
1025
9534
9582
6900
7932
1452
4807
3188
5753
429
630
4635
617
7838
1978
1642
998
8232
4582
2656
9670
8460
7830
1969
8153
596
3955
7981
8035
5834
6456
4107
7073
9025
7063
4142
7608
9606
3237
7278
9723
8954
7408
8735
339
9030
2041
6094
4025
4451
2727
9001
266
8022
270
7804
8769
9118
3529
2041
1260
426
7599
443
5273
6380
8350
2287
8943
772
1755
1761
7325
8891
9195
4630
435
8850
8965
2278
1965
7339
8391
1144
5978
1609
1861
6593
1296
5833
6191
4519
5158
9858
7917
2729
2538
3827
738
8068
8183
374
8226
3216
699
8652
5660
6781
7135
4351
38
4095
7136
5426
8351
3569
8441
9683
8415
6382
7580
7296
7258
4297
2691
9235
225
1371
1762
507
1539
3219
8531
8117
131
1254
234
2922
6995
2778
8218
7198
3462
4584
6984
2391
298
811
2554
9491
3358
971
4710
2258
6687
4462
415
7578
7603
9390
9937
4476
7964
1686
6596
8931
3617
3075
7890
3198
2849
1270
7321
7737
3650
9823
9151
9110
9131
2831
1124
2557
4253
8336
2422
1599
4684
8760
6259
2802
6460
8932
4489
6918
7148
7213
1179
1850
1165
4705
4066
1904
5923
7374
7750
5158
9984
5710
2097
5802
6619
7001
9339
7888
3766
5906
877
6371
1045
4520
3013
6474
5812
990
5830
7753
2377
7726
4005
1370
9332
8529
7731
7291
1946
8012
6270
8721
63
7350
1661
5968
3389
147
1939
8991
1927
8035
3347
7302
8746
2344
3431
1704
7036
7317
3806
5602
1927
2777
9832
8029
1335
5780
6512
5781
3017
403
9197
40
8392
5618
6264
9002
1552
4193
6723
8630
9066
2507
7068
3684
5997
8918
8920
2064
4491
1018
8552
4196
8677
8297
9858
4293
9180
35
940
2142
2735
4081
1691
1058
1436
5238
6303
6344
4352
6095
303
1992
1600
8386
3955
7631
11
612
1001
999
7609
792
9820
1334
5783
5264
7999
6678
7674
8983
684
2002
6581
8372
636
7643
1623
4159
3620
9456
1924
7138
7392
187
5485
6677
7364
439
132
9998
6940
639
3106
8111
5333
4324
7821
7646
7844
9879
664
8583
1006
1421
8381
1263
5807
5705
1463
2797
3399
3503
645
421
1470
3829
2788
1757
4972
7653
2851
796
918
7957
7713
5880
1355
2086
3508
1416
1909
7306
3116
715
1768
4920
7274
8631
9290
5031
725
6753
4359
3312
7147
9803
6715
108
582
1773
9855
4540
979
9482
3973
7733
4361
5938
1865
7507
6225
7067
35
7166
5231
6739
817
4837
9324
3987
6467
3784
1955
3665
654
4701
8535
5728
9991
9978
3197
7058
7852
6483
6382
7177
4158
9006
8420
7904
4634
8765
7688
8978
6217
3390
7220
661
5425
2573
9766
6067
8780
3625
8034
4821
3727
8290
213
8311
1473
9479
4349
193
9026
8646
5963
8325
1574
2451
9537
5854
3748
9680
8915
4062
3849
2724
3123
7941
1114
6188
8462
2264
783
1904
6788
6900
4049
7005
3097
1539
3775
49
8655
4995
5589
3284
579
6752
6443
7929
1081
2054
716
1978
1193
3778
2849
9919
9126
6609
1458
4978
2145
2634
2232
9768
2136
8851
615
2041
2689
8462
2857
6402
2809
1151
7328
1278
207
2802
1657
36
1981
4551
2924
4686
1227
5502
7657
2116
9273
8630
9398
6184
5287
6822
9049
9081
2400
417
974
2277
3826
4843
5230
8270
8501
4736
5975
8902
2436
470
6705
1556
9947
3400
4381
1780
1851
1734
2038
5038
6575
7819
4974
4154
8130
9851
7138
1307
8357
9749
3174
590
7881
430
2483
4907
2839
7864
4332
8083
3624
6493
86
2597
2246
9397
7878
6958
4653
7902
4564
8536
9803
3665
3910
48
4371
3179
6407
7887
1691
3769
7439
3190
7600
1168
3349
2888
7752
9869
9497
9446
5221
3978
4581
5702
6047
9554
953
2497
6779
9748
1105
1730
6631
4900
8766
8830
2329
1049
802
789
1152
9233
8301
7972
7294
6284
1789
4081
5045
5068
7245
9634
2525
5498
3419
3741
9872
1841
1474
2525
2660
6794
8264
7437
1890
6960
5339
6330
6543
9444
2074
9010
3778
6968
739
3776
3700
1437
5931
3984
4152
8360
8060
7014
5607
3899
4096
2724
1223
1165
405
5279
3854
3907
3937
1977
1256
1541
9903
7845
6889
392
4389
7008
1356
5213
7476
4161
9236
5078
2145
8656
2071
2346
6508
6168
1423
9188
5271
9522
5834
4623
5170
2027
748
9846
830
3414
9487
9341
568
2057
6920
6879
3729
6651
6698
7992
8662
5789
7538
9142
384
7367
8270
2622
8742
4833
407
2040
6795
4022
77
5821
8928
2446
5210
1494
6005
1404
8610
672
243
749
7495
8742
1353
4618
9200
3111
9271
9671
3428
4818
4768
7710
7266
3388
2143
6378
46
4567
5074
1860
3223
1001
6928
9799
3397
8163
8313
1225
7244
1482
2052
1293
9281
575
5759
415
6168
4108
7936
8207
5534
4511
9516
4116
7915
9230
1075
9690
1635
4688
9485
9954
5017
1322
1006
925
7808
6432
653
8208
7952
1066
1686
2403
8822
1511
6189
6169
3315
1165
2111
1814
7129
5001
9643
3842
2485
136
1055
2342
1627
3355
5282
7434
7725
4281
598
7318
8570
4158
6291
5067
6691
3892
9619
8621
6324
3744
8252
4016
1648
8723
9274
1280
6945
8480
474
8710
3971
8797
5158
7099
6435
5402
5826
6270
6116
3162
2256
1171
5830
2355
459
548
2095
76
8710
1402
9576
6012
5433
314
7817
5784
6333
281
4189
6646
1818
1456
6374
1230
8556
9820
4958
6435
6787
5249
134
2365
1315
3974
9125
9133
9722
7678
7287
3492
6058
7898
2889
9384
9348
609
993
8122
6698
5529
4845
2144
3615
4460
9531
796
6522
4454
9797
9466
8166
1153
6109
4911
6211
5764
551
8482
1399
8287
9399
8791
6986
7423
8104
2145
2569
8523
4222
9770
2181
2072
1043
8431
950
7133
1805
9816
7771
5348
3626
3087
2040
4547
6146
3367
7780
9121
354
7234
9997
2962
8685
8776
2287
8343
4523
8933
343
2181
3818
7669
955
5623
866
8322
959
9855
3537
373
6360
9621
5145
4268
7099
2060
2223
7907
5027
7855
6678
741
5017
8371
6630
5517
126
5931
5693
2433
8910
5344
7459
6800
4796
6694
5064
567
312
425
4998
5111
8465
1874
9853
6260
7648
5285
6771
1006
1624
1920
266
8894
4600
8286
6630
801
5280
3202
8082
1002
4595
3789
1149
1114
975
2744
2089
2001
865
3059
3753
8786
2247
8287
8965
9504
6562
4392
9061
464
8373
4242
1458
5005
3379
5201
3668
4850
4452
9532
7492
7484
806
5604
9086
3875
1428
6176
7200
9663
7810
9025
746
1749
1338
1958
5122
4550
9568
4933
6850
7267
6645
2741
5591
3046
7908
8636
5431
4131
1676
9660
155
3903
9741
3592
1977
7912
6029
7888
7513
3331
1446
662
835
7488
8395
2459
4980
1650
4247
6730
2617
1670
5156
9675
385
2246
3117
9747
9871
8110
6326
4009
7456
326
4196
1122
4934
1192
807
8000
2542
9830
7150
7165
4328
5563
4788
8250
8205
6329
8905
3613
149
9541
8259
8606
1628
9725
118
3643
3138
9123
9832
7348
4078
3716
3535
8763
5980
5275
1637
128
9411
1916
1137
3216
9382
4976
3083
9208
3824
9630
8971
9929
8817
2413
7822
5511
2036
6051
486
5547
1243
202
4235
4494
7640
1343
3542
8497
7702
1074
9962
4468
780
2030
6080
804
1348
3254
8395
2277
9230
2432
5923
9473
1658
2854
4748
8886
5103
1357
2814
302
9159
811
9500
4287
5301
4204
6272
2026
4493
7666
7433
5684
3989
2390
521
3373
3887
3928
8569
8445
1179
583
6092
7528
6114
4033
7565
9561
9739
3782
494
5822
5132
2987
5032
4837
9390
7006
5427
8331
3181
416
4033
4761
4459
317
9657
409
5230
7810
1363
4646
5803
7035
1029
4220
3230
3885
901
2192
2289
6962
8659
5679
7617
5837
9110
4270
9477
3535
922
4299
2251
2236
8379
2151
6084
7202
6533
5333
6880
6489
9428
324
9976
338
8776
6956
5955
2549
9972
4031
2308
4152
6162
7445
9204
2587
2698
7940
6748
4809
6008
3897
5372
9633
6223
5932
3421
5630
802
7784
1709
7998
1323
289
8262
7989
4330
3708
3260
722
7514
6934
7921
1110
5478
4889
6823
6450
9168
3562
1590
7614
4871
9505
7110
7122
1406
1090
4434
511
4294
4780
2999
7413
9289
5400
6093
7689
2653
7836
5098
6393
6719
6932
3477
3011
8569
9931
2301
9084
3457
5510
879
6718
7444
8862
5960
7780
285
1777
4508
613
5024
4053
7845
1694
4990
9177
9990
8661
4572
6975
1340
7334
9015
3252
5534
4919
6180
2737
6689
1378
5387
9455
7435
6084
7419
9413
9284
850
7092
4615
9290
7295
6856
8678
1048
3260
8401
5300
3374
9582
2135
8158
3544
4086
6626
2792
9938
1195
6801
4159
9616
8965
5698
6010
1604
3978
4258
6205
7318
1486
5815
5949
9292
4323
1097
2164
9887
2228
2706
4193
7100
5737
8884
3724
8499
7366
1010
1047
9975
5365
9346
6237
7100
5664
8282
5050
136
5615
1705
4515
4724
4371
1072
2208
6159
5548
8085
4498
6159
9949
3432
4036
5505
9704
1194
9726
5423
2885
7365
1410
6987
301
2436
6708
1002
4594
5006
8704
317
4068
4606
4635
908
7363
1792
2609
5601
928
4798
5870
5675
4156
8450
2190
8505
7137
4070
2988
2734
1313
1507
2069
959
6951
7035
1394
116
2143
352
4581
8063
5809
415
1908
1015
6989
4944
2569
4021
8005
287
3311
8404
5763
6832
2420
4720
5914
86
398
8255
2108
771
3132
3817
9607
6828
5185
1201
7269
1472
9907
1125
7614
4148
3114
49
2666
3734
1023
7862
9667
5438
9991
1576
5304
5646
6892
3944
36
673
1333
9699
7859
1575
6539
1690
2274
8400
9284
2181
7138
2702
6403
3386
1728
9902
3890
1994
3632
925
6324
5642
8849
4149
5310
3507
3150
1249
7869
2509
6302
3322
6346
3351
8444
4485
6415
3534
2875
1322
6327
6375
3840
8588
6627
6272
7524
4036
1028
5842
2414
7586
7128
725
7055
2230
633
3346
1594
3808
941
8855
9961
4649
6674
7394
1105
9029
8758
6587
4939
8523
2811
4896
2013
6638
70
5123
5243
1261
3477
1389
863
3095
3662
4314
1385
5744
2351
5813
5293
8393
7957
3376
1056
5579
9122
701
4064
5355
6799
8530
4791
2609
5471
6427
4109
5549
4201
5304
4426
136
5744
3611
7058
5136
5425
3683
9527
3551
7760
2463
8216
5982
8309
3240
3653
2251
43
9579
6456
4808
693
82
4346
254
5539
7191
8924
6131
5693
4685
5833
1149
2873
9119
1734
9351
7282
5718
2713
4924
5100
9869
1319
4104
9129
3664
1611
6363
158
5405
4022
7256
5498
9869
5062
3865
8028
3258
4996
8337
4909
8119
1777
9845
5028
199
1403
4381
1336
272
936
2657
9059
8675
4575
4792
4645
6106
5744
2599
8889
2623
6617
8838
6646
1800
9347
6310
9580
7149
1156
7653
5511
4729
8560
4475
3709
921
3968
8304
5238
1799
1581
3711
3101
9620
5898
7551
9871
8671
4399
1566
7905
1962
8389
6465
742
7446
6274
990
286
6406
951
8265
4806
3231
9642
9741
3011
2081
2078
6790
8812
8134
3854
6654
1099
6929
5377
2318
724
7834
236
5983
3182
7516
8778
915
9059
9428
9020
2620
5803
8567
8158
680
7396
7957
1821
8366
346
4815
1127
9845
4415
5746
4305
8032
9113
4569
1096
6416
9646
8259
7591
3349
796
5338
8748
6692
9561
7835
4078
577
7485
3644
240
9688
2096
5692
2764
2059
4600
2797
9971
9693
3524
7264
3628
9609
4536
9744
2263
6556
1028
1244
2974
2206
1760
3586
4250
2179
8882
1934
5928
5568
4123
8843
2119
2654
8597
5880
3775
3549
6424
2762
7691
8181
298
6673
6720
1092
6498
2554
5406
2514
5428
2891
3653
7050
5234
1756
6915
6252
775
17
5824
7196
6958
8873
608
2043
9475
35
8537
7164
6351
110
9572
9340
6528
1896
2749
1720
6981
1155
9418
9207
9438
546
2632
4268
964
6817
2576
8136
1731
7810
1388
778
8080
4879
87
9680
4851
3924
1346
5041
5056
7327
1960
1080
8086
5246
8670
605
7821
5721
9288
4980
6014
2038
2331
6047
9652
3203
8802
819
423
4950
1876
257
2763
4657
4558
2485
7016
5098
5804
1378
8495
2626
4229
3185
4696
5530
517
9046
1861
757
1513
6888
8211
4571
4242
1400
2530
8070
9555
2578
2039
3163
2211
5461
1647
3971
7270
2710
8688
9155
3111
9484
6071
5424
7346
1769
2751
2685
3922
3596
6066
5695
6528
6443
6946
750
867
8946
9102
2975
7278
7301
3130
545
5343
7778
3335
9725
8203
2378
8122
9195
5595
9241
1121
5782
3451
2925
3852
9280
9845
4380
1769
1133
7748
802
3415
6779
473
7671
3687
6390
3667
6615
3514
4708
2885
7885
9300
4742
7862
1584
2160
9603
6194
9179
3346
5365
8194
7880
3042
6203
4590
6554
1764
987
9302
2711
2353
5418
1069
9755
2239
7028
6506
635
5292
9556
9604
1046
7989
9829
9122
5144
3574
8075
2315
4252
301
2001
4285
7628
1477
3270
4607
7596
961
6836
423
2614
2111
4002
3906
4338
6959
7719
3738
5299
22
5217
8857
45
8915
4590
9548
1246
1027
5064
3458
2154
6329
8229
4042
9500
4637
616
7133
8586
1702
282
5485
1869
3304
527
4338
3778
4129
1616
900
5675
3038
533
6725
8481
1409
1017
998
8068
4941
538
3494
1807
3112
3050
646
9374
821
6184
9825
8353
9048
35
5663
7516
363
2219
1038
5965
7072
9177
7098
7236
2848
1908
7510
9595
7823
8537
2840
7941
7030
4947
1982
2667
7679
9091
212
3191
842
4427
7288
1733
8544
5723
5941
5394
520
1410
9294
1350
3085
8820
8562
8541
9932
6143
6150
1935
9597
9141
2537
1694
300
7515
4050
1436
166
5879
1206
6659
5692
7202
9797
7221
9731
7187
4570
3729
3050
3347
468
7397
4605
4591
8653
7825
7546
3639
6500
6065
508
9430
464
4273
9035
6758
3294
9812
5930
8545
2396
4883
7374
5408
1298
2467
2402
3492
124
1345
205
2782
1746
2639
8136
6864
1492
2406
7352
8517
6424
1806
310
4269
4871
9956
3154
9670
8457
9011
8770
1060
3578
9775
2957
1269
8520
4952
1479
2823
5228
5230
2093
66
4145
5868
1298
900
8336
7239
9504
9645
9459
4598
8232
9451
9118
4558
2529
5284
3908
4310
7542
7462
5411
1460
2985
7308
3051
1974
3202
3020
286
9605
7382
6980
159
5515
3508
1199
6391
1556
1120
7140
563
3956
2184
950
7943
121
470
3649
798
7772
1373
8244
2215
9242
1718
4531
9394
1820
313
9938
3026
9091
5904
6952
8070
7433
7609
9657
883
617
140
2798
999
4098
4052
6239
7280
508
6080
3120
6580
9060
6791
4772
8065
8081
160
8637
2294
836
6705
3994
4972
7316
5585
4523
1252
5871
1225
9455
2759
6500
8671
4707
729
3924
8599
4335
4092
4914
9163
3538
9578
1093
6183
2389
2312
1953
3752
4763
9060
2771
5360
2487
5859
8301
7384
6363
9435
3066
1346
9792
6531
569
6658
7173
2990
1730
8941
7009
1193
7602
4012
2549
756
1182
1708
1213
6574
9049
5994
2951
4683
3578
3264
5995
6124
1405
5369
6318
3408
2425
40
4547
4754
8191
5689
4873
7359
4854
9430
8775
4019
9812
4631
3172
7810
5965
4529
3596
8557
1743
1120
7259
1323
2739
7513
5606
244
2594
1731
3193
8480
2403
9877
7307
4701
2777
4630
6654
6296
4751
8695
8778
93
2184
9586
2250
4255
6424
2509
9450
5270
2119
7701
6816
1005
1834
9968
3321
1944
9777
4914
5895
6514
8444
6237
299
540
1494
1313
5389
7357
1111
7207
167
4876
3111
1759
7348
3504
2925
8707
5355
9482
2367
6947
551
1395
8721
2126
9893
1381
1255
5822
799
2815
2259
1809
3438
3382
9584
9144
8103
4998
3311
2722
5415
1541
4398
9973
9659
1347
1546
2948
9912
5083
20
2412
8234
6707
9546
6903
55
4777
8768
6019
1308
3594
4981
8636
8897
9326
668
4906
7094
3822
3019
6600
2134
5248
8773
4357
5819
3237
1515
4256
814
8177
3594
6400
4063
3587
4851
7659
1252
9806
8037
5651
6058
5065
9303
762
5068
488
9326
971
314
2578
6866
5238
9702
3852
815
3872
8920
9726
1510
7997
1096
2371
8841
3892
4606
8901
2061
8727
5047
3240
2916
8731
8330
8571
32
2799
947
5423
5611
2592
9257
8296
8953
1004
2655
2303
3206
1407
2924
7721
2695
7208
9906
5991
6243
1066
5261
7909
1721
3822
9353
291
533
3093
80
823
5895
6185
3827
14
2700
7954
632
1960
5197
8233
7483
2834
7227
8997
2816
1144
5937
6946
7541
3678
3941
2646
8106
2767
8661
101
6048
4438
2590
3229
5753
5311
2982
4797
5431
9152
3334
7990
4379
8323
2273
660
695
9534
990
4847
1472
3706
6164
5710
2007
2072
3315
9861
5502
2801
9814
3596
894
3970
5516
4803
4783
5079
6567
2587
2639
4209
6636
113
59
6736
4583
8074
4936
3711
2031
3821
2214
1991
7377
9910
270
7161
6921
9909
7213
3435
6317
2853
8470
9955
3989
3639
5248
5127
8729
6125
7232
9028
3111
4673
9723
1540
9415
7346
7128
5470
8009
5093
5692
2746
4508
8483
9851
6845
8039
3571
6635
899
2150
3608
6692
4079
7912
9178
8452
7850
6875
7192
5982
9210
8990
3978
4173
7185
928
2143
2603
873
5032
3172
1971
4929
7300
8842
8103
8084
9896
3573
1505
6472
8688
4931
2748
3971
2728
2458
733
4612
9696
1296
7517
4413
6806
6222
9113
2961
7876
1029
7772
4606
3877
8196
2509
9026
4928
5464
8082
7997
3223
3235
3313
5310
894
4907
50
2001
897
8135
1070
1336
7764
5466
2278
2203
6360
8445
1992
9424
7197
8562
1672
5314
4202
5248
6577
8235
5694
4695
2682
9195
1607
4911
8547
7773
1799
8096
8456
6531
5108
3273
3175
804
2440
2987
6434
1520
2796
2890
3768
5614
6578
1672
5492
2951
6196
2184
5056
3897
858
9156
7616
3096
9093
6687
9773
4366
4573
1832
7707
4841
3690
4492
8711
838
3391
8596
2895
2623
5788
8705
146
7448
3616
2535
3914
4051
2343
6788
3450
2689
5473
9730
1131
8265
6898
318
8500
6874
326
2517
6259
4716
6304
4812
11
7395
1985
6495
7788
741
4066
8046
9095
5211
7399
8787
1400
3513
7446
204
6456
7970
3998
7373
9376
8551
5149
7122
4040
5182
7499
8995
4973
6295
3608
3057
863
134
9149
6680
6652
1978
1661
9910
9555
7534
2606
7455
3474
4340
1074
2042
9563
5294
7053
325
7838
9380
4435
7470
9281
2616
1458
6087
8579
9266
5051
8114
3699
4628
6845
3931
466
2259
5112
1414
5289
9789
6149
3729
4190
9393
9194
5781
14
465
8106
4471
5062
5191
6518
8231
9595
8898
5362
819
4047
2602
3175
4126
4072
5771
4009
5273
2176
4827
8350
5468
1225
8225
2526
6596
1349
1779
566
3695
3840
5102
9984
7065
2228
4892
9714
7469
2780
3567
1711
1481
75
9517
8226
1582
8724
842
3878
618
2646
6686
9466
8189
5405
9934
4438
3753
1140
8358
3676
9964
5856
8148
7004
1992
3958
2822
4360
4059
5059
4270
5173
5009
1983
6323
6255
8492
2743
7974
3286
1754
3584
1907
9263
8002
4440
3609
3763
5974
4927
7893
5643
9555
1738
3685
2278
6450
4243
9768
7067
8930
3645
6857
8581
1275
8662
8345
8534
29
7122
7607
7372
1752
8838
9972
910
3419
8845
170
6241
5925
3849
4197
1146
2277
3080
6670
8730
9739
1325
9728
9537
2587
9112
4993
2053
7979
4725
673
6138
6723
7486
3810
9058
1811
3547
1994
1336
1894
637
7161
883
4640
7440
3553
3940
2396
6092
3625
5611
5033
5819
9208
1956
5214
8912
7636
9295
7507
9376
3806
9584
4463
2513
3401
807
4039
7856
6146
2113
7122
9841
4287
5799
608
6673
6324
708
7854
6788
7494
389
8038
9713
675
5902
5590
2933
1185
4455
3787
4951
7124
7402
9742
6649
5482
4331
5944
8
1263
7934
6295
8432
7088
93
1212
5060
844
7639
6808
6476
2833
8938
1684
9525
3383
9960
1057
9573
6031
4879
2315
3809
5111
1731
3184
6077
4459
947
9569
6909
3326
357
9727
285
8271
4154
8676
3007
745
5
6302
6947
9924
2772
7248
1806
1924
8859
826
6555
2891
7767
8957
6789
2299
3613
2056
5110
350
4095
4183
1796
9348
2624
8578
8543
1527
9893
3327
5736
2699
895
8836
4537
1157
4180
1730
4052
1422
769
1354
7448
1941
3635
8403
1859
9471
2142
9399
115
2683
1129
5295
9156
1497
4930
4027
4719
8213
1834
1956
3443
7879
4212
5363
6075
2374
1641
3264
5323
3880
9310
7427
6188
751
4575
2767
9747
4196
9212
6248
652
8895
1814
6211
1661
5983
2888
6462
2036
7237
6956
8824
4974
935
6707
4205
1497
8227
6827
4303
6275
453
2752
2801
9555
727
332
5691
4162
9563
6667
6554
2590
5418
6533
4059
6683
6753
7802
9544
9897
9834
5855
7821
7613
6987
8963
3653
9612
461
7769
407
6557
4061
113
3296
1253
2470
1144
8768
4259
2928
1631
2326
841
4244
7729
7874
8700
2417
2696
6678
4613
9619
7470
7828
4814
2219
5523
7169
9207
6381
1357
1510
8587
5404
8597
3868
3780
3701
1402
2567
339
259
7254
6254
470
5980
2859
7743
7672
148
3254
5693
886
6402
6104
6444
7401
6516
8009
571
9890
6940
5694
9817
5760
6984
6192
8994
4078
2705
4867
7603
316
7010
997
1810
1745
6466
7511
5761
6630
5828
4519
4198
1193
3793
2826
4981
2653
6108
7870
942
367
792
4799
5248
5931
5414
5451
2634
5603
516
7322
5334
1763
8654
4988
843
3074
585
7998
804
5895
3443
75
3623
2762
8975
3300
8089
196
1229
2175
4550
8866
9278
3869
9769
668
3606
601
2096
8395
3239
3064
4475
3602
4386
8220
1452
4734
8292
1473
2862
6737
1422
46
3334
6525
9708
2513
3212
2703
9016
1674
1035
6737
1670
7446
7324
9277
6046
6203
3123
513
3704
52
6779
7191
5742
1567
9424
6473
7817
9647
5835
1778
2877
3303
4848
7419
879
7761
9422
5071
2079
6414
3891
5515
542
7845
8389
9757
1333
6400
6516
5663
7342
6812
4956
1415
2444
2134
5958
7314
6830
9754
5352
6986
8619
2567
4739
6863
6169
1797
8730
6509
7966
1933
5563
5553
5150
9675
2157
5555
4027
7880
5345
6217
6189
5079
6045
9499
5011
460
1212
8055
2094
5916
382
1519
2006
279
4586
7713
470
134
8400
6710
3477
146
3677
78
6871
2029
9007
1142
8355
8319
5620
4942
8661
1695
4687
7157
2511
5196
6668
8168
2994
1147
3
6798
7378
2031
450
7970
4124
3415
1930
4353
6410
1907
701
4996
3227
4740
7727
2014
7011
1044
1782
1829
2625
3298
2999
7016
8106
4235
3077
5364
1345
5516
9355
6987
7415
5105
9158
3942
1985
4217
8892
8613
4625
8545
5244
264
5511
3574
1957
8982
6450
5036
9895
6876
513
8537
2914
9097
5672
7835
276
276
7470
9867
2030
1574
1203
6704
8809
8770
1166
